30.425
29.423
28.424
27.43
26.441
25.459
24.483
23.515
22.555
21.605
20.663
19.732
18.812
17.904
17.008
16.125
15.255
15.881
13.92
13.92
13.92
13.92
13.92
13.92
13.92
13.92
13.92
13.92
13.92
13.92
13.92
13.92
13.92
13.92
13.92
13.92
13.92
13.92
13.92
13.92
13.92
13.92
13.92
13.92
13.92
13.92
13.92
13.92
13.92
13.92
13.92
13.92
13.92
13.92
13.92
13.92
13.92
13.92
13.92
13.92
13.92
13.92
13.92
13.92
13.92
13.92
13.92
13.92
13.92
13.92
13.92
13.92
13.92
13.92
13.92
13.92
13.92
13.92
13.92
13.92
13.92
13.92
13.92
13.92
13.92
13.92
13.92
13.92
13.92
13.92
13.92
13.92
13.92
13.92
13.92
13.92
13.92
13.92
13.92
13.92
13.92
13.92
13.92
13.92
13.92
13.92
13.92
13.92
13.92
13.92
13.92
13.92
13.92
13.92
13.92
13.92
13.92
13.92
13.92
13.92
13.92
13.92
13.92
13.92
13.92
13.92
13.92
13.92
13.92
13.92
13.92
13.92
13.92
13.92
13.92
13.92
13.92
13.92
13.92
13.92
13.92
13.92
13.92
13.92
13.92
13.92
13.92
13.92
13.92
13.92
13.92
13.92
13.92
13.92
13.92
13.92
13.92
13.92
13.92
13.92
13.92
13.92
13.92
13.92
13.92
13.92
13.92
13.92
13.92
13.92
13.92
13.92
13.92
13.92
13.92
13.92
13.92
13.92
13.92
13.92
13.92
14.665
15.417
16.175
16.938
17.706
18.478
19.254
20.032
20.812
21.593
22.375
23.157
23.938
24.718
25.496
26.271
27.044
27.812
28.576
29.335
30.089
30.837
31.578
32.312
33.038
34.028
35.033
36.053
37.087
38.136
39.198
40.274
41.362
42.463
43.576
44.7
45.835
46.981
48.137
51.189
52.268
53.354
54.445
55.542
56.645
57.754
58.868
59.988
61.114
62.245
63.382
64.524
65.672
66.825
67.983
69.147
70.316
71.489
72.669
73.853
75.042
76.236
77.435
78.64
79.849
81.062
82.281
83.505
84.733
85.966
87.203
88.446
89.692
90.944
92.2
93.46
94.725
95.994
97.268
98.546
99.829
101.12
102.41
103.7
105
106.31
107.61
108.93
110.24
111.56
112.89
114.22
115.55
116.88
118.23
119.57
120.92
122.27
123.63
124.99
126.35
127.72
129.09
130.47
131.84
133.23
134.61
136
137.4
138.8
140.2
141.6
143.01
144.42
145.84
147.26
148.68
150.11
151.54
152.97
154.41
155.85
157.29
158.74
160.19
161.64
163.1
164.56
166.02
167.49
168.96
170.43
171.91
173.39
174.87
176.36
177.85
179.34
180.83
182.33
183.82
185.29
186.73
188.16
189.55
190.92
192.27
193.59
194.89
196.16
197.4
198.61
199.8
200.96
202.09
203.19
204.25
205.29
206.3
207.28
208.22
209.14
210.02
210.86
211.68
212.46
213.2
213.91
214.59
215.23
215.83
216.4
216.93
217.42
217.88
218.3
218.68
219.02
219.32
219.58
219.32
219.02
218.68
218.3
217.88
217.42
216.93
216.4
215.83
215.23
214.59
213.91
213.2
212.46
211.68
210.86
210.02
209.14
208.22
207.28
206.3
205.29
204.25
203.19
202.09
200.96
199.8
198.61
197.4
196.16
194.89
193.59
192.27
190.92
189.55
188.16
186.73
185.29
183.82
182.33
180.83
179.34
177.85
176.36
174.87
173.39
171.91
170.43
168.96
167.49
166.02
164.56
163.1
161.64
160.19
158.74
157.29
155.85
154.41
152.97
151.54
150.11
148.68
147.26
145.84
144.42
143.01
141.6
140.2
138.8
137.4
136
134.61
133.23
131.84
130.47
129.09
127.72
126.35
124.99
123.63
122.27
120.92
119.57
118.23
116.88
115.55
114.22
112.89
111.56
110.24
108.93
107.61
106.31
105
103.7
102.41
101.12
99.829
98.546
97.268
95.994
94.725
93.46
92.2
90.944
89.692
88.446
87.203
85.966
84.733
83.505
82.281
81.062
79.849
78.64
77.435
76.236
75.042
73.853
72.669
71.489
70.316
69.147
67.983
66.825
65.672
64.524
63.382
62.245
61.114
59.988
58.868
57.754
56.645
55.542
54.445
53.354
52.268
51.189
50.116
49.049
47.988
46.933
45.885
44.843
43.808
42.779
41.757
40.741
39.732
38.73
37.736
36.748
35.767
34.794
33.828
32.869
31.918
30.974
30.038
29.111
28.191
27.279
26.376
25.48
24.594
23.716
22.847
21.987
21.136
20.294
19.462
18.64
17.827
17.024
16.232
15.451
14.68
13.92
14.595
15.287
15.996
16.722
17.465
18.225
19.001
19.793
20.601
21.424
22.262
23.115
23.983
24.865
25.76
26.668
27.59
28.523
29.469
30.426
30.426
30.426
30.426
30.426
30.426
30.426
30.426
30.426
30.426
30.426
30.426
30.426
30.426
30.426
30.426
30.426
30.426
30.426
30.426
30.426
30.426
30.426
30.426
30.426
30.426
30.426
30.426
30.426
30.426
30.426
30.426
30.426
30.426
30.426
30.426
30.426
30.426
30.426
30.426
30.426
30.426
30.426
30.426
30.426
30.426
30.426
30.426
30.426
30.426
30.426
30.426
30.426
30.426
30.426
30.426
30.426
30.426
30.426
30.426
30.426
30.426
30.426
30.426
30.426
30.426
30.426
30.426
30.426
30.426
30.426
30.426
30.426
30.426
30.426
30.426
30.426
30.426
30.426
30.426
30.426
30.426
30.426
30.426
30.426
30.426
30.426
30.426
30.426
30.426
30.426
30.426
30.426
30.426
30.426
30.426
30.426
30.426
30.426
30.426
30.426
30.426
30.426
30.426
30.426
30.426
30.426
30.426
30.426
30.426
30.426
30.426
30.426
30.426
30.426
30.426
30.426
30.426
30.426
30.426
30.426
30.426
30.426
30.426
30.426
30.426
30.426
30.426
30.426
30.426
30.426
30.426
30.426
30.426
30.426
30.426
30.426
30.426
30.426
30.426
30.426
30.426
30.426
30.426
30.426
30.426
30.426
30.426
30.426
30.426
30.426
30.426
30.426
30.426
30.426
30.426
30.426
30.426
30.426
30.426
30.426
